-5.0000000000000000e+00 -1.2827443433884142e-01 -0.0000000000000000e+00 -9.0000000000000000e+01 -5.8830827752728929e+01
-4.9900000000000002e+00 -1.2813214635930800e-01 -0.0000000000000000e+00 -9.0000000000000000e+01 -5.8862622964526388e+01
-4.9800000000000004e+00 -1.2798911880418168e-01 -0.0000000000000000e+00 -9.0000000000000000e+01 -5.8894619043061482e+01
-4.9699999999999998e+00 -1.2784534799598421e-01 -0.0000000000000000e+00 -9.0000000000000000e+01 -5.8926817446572464e+01
-4.9600000000000000e+00 -1.2770083023239906e-01 -0.0000000000000000e+00 -9.0000000000000000e+01 -5.8959219648234146e+01
-4.9500000000000002e+00 -1.2755556178619171e-01 -0.0000000000000000e+00 -9.0000000000000000e+01 -5.8991827136324353e+01
-4.9400000000000004e+00 -1.2740953890506262e-01 -0.0000000000000000e+00 -9.0000000000000000e+01 -5.9024641414408308e+01
-4.9299999999999997e+00 -1.2726275781159416e-01 -0.0000000000000000e+00 -9.0000000000000000e+01 -5.9057664001504328e+01
-4.9199999999999999e+00 -1.2711521470308348e-01 -0.0000000000000000e+00 -9.0000000000000000e+01 -5.9090896432277773e+01
-4.9100000000000001e+00 -1.2696690575146752e-01 -0.0000000000000000e+00 -9.0000000000000000e+01 -5.9124340257216993e+01
-4.9000000000000004e+00 -1.2681782710321959e-01 -0.0000000000000000e+00 -9.0000000000000000e+01 -5.9157997042818337e+01
-4.8899999999999997e+00 -1.2666797487923176e-01 -0.0000000000000000e+00 -9.0000000000000000e+01 -5.9191868371777183e+01
-4.8799999999999999e+00 -1.2651734517467081e-01 -0.0000000000000000e+00 -9.0000000000000000e+01 -5.9225955843187712e+01
-4.8700000000000001e+00 -1.2636593405894911e-01 -0.0000000000000000e+00 -9.0000000000000000e+01 -5.9260261072719551e+01
-4.8600000000000003e+00 -1.2621373757545482e-01 -0.0000000000000000e+00 -9.0000000000000000e+01 -5.9294785692852017e+01
-4.8499999999999996e+00 -1.2606075174075659e-01 -0.0000000000000000e+00 -9.0000000000000000e+01 -5.9329531353230735e+01
-4.8399999999999999e+00 -1.2590697254663269e-01 -0.0000000000000000e+00 -9.0000000000000000e+01 -5.9364499720386135e+01
-4.8300000000000001e+00 -1.2575239595809878e-01 -0.0000000000000000e+00 -9.0000000000000000e+01 -5.9399692478362688e+01
-4.8200000000000003e+00 -1.2559701791381314e-01 -0.0000000000000000e+00 -9.0000000000000000e+01 -5.9435111328812475e+01
-4.8099999999999996e+00 -1.2544083432597689e-01 -0.0000000000000000e+00 -9.0000000000000000e+01 -5.9470757991206135e+01
-4.7999999999999998e+00 -1.2528384108023818e-01 -0.0000000000000000e+00 -9.0000000000000000e+01 -5.9506634203046431e+01
-4.7900000000000000e+00 -1.2512603403560565e-01 -0.0000000000000000e+00 -9.0000000000000000e+01 -5.9542741720082851e+01
-4.7800000000000002e+00 -1.2496740902429339e-01 -0.0000000000000000e+00 -9.0000000000000000e+01 -5.9579082316545311e+01
-4.7699999999999996e+00 -1.2480796185166580e-01 -0.0000000000000000e+00 -9.0000000000000000e+01 -5.9615657785358600e+01
-4.7599999999999998e+00 -1.2464768829608398e-01 -0.0000000000000000e+00 -9.0000000000000000e+01 -5.9652469938382708e+01
-4.7500000000000000e+00 -1.2448658410880728e-01 -0.0000000000000000e+00 -9.0000000000000000e+01 -5.9689520606644329e+01
-4.7400000000000002e+00 -1.2432464501388876e-01 -0.0000000000000000e+00 -9.0000000000000000e+01 -5.9726811640573345e+01
-4.7300000000000004e+00 -1.2416186670808134e-01 -0.0000000000000000e+00 -9.0000000000000000e+01 -5.9764344910240638e+01
-4.7199999999999998e+00 -1.2399824486070783e-01 -0.0000000000000000e+00 -9.0000000000000000e+01 -5.9802122305608002e+01
-4.7100000000000000e+00 -1.2383377511353354e-01 -0.0000000000000000e+00 -9.0000000000000000e+01 -5.9840145736781430e+01
-4.7000000000000002e+00 -1.2366845308070021e-01 -0.0000000000000000e+00 -9.0000000000000000e+01 -5.9878417134254228e+01
-4.6900000000000004e+00 -1.2350227434860264e-01 -0.0000000000000000e+00 -9.0000000000000000e+01 -5.9916938449167453e+01
-4.6799999999999997e+00 -1.2333523444969348e-01 -0.0000000000000000e+00 -9.0000000000000000e+01 -5.9955711659630275e+01
-4.6699999999999999e+00 -1.2316732885015534e-01 -0.0000000000000000e+00 -9.0000000000000000e+01 -5.9994738773868747e+01
-4.6600000000000001e+00 -1.2299855302914056e-01 -0.0000000000000000e+00 -9.0000000000000000e+01 -6.0034021812076162e+01
-4.6500000000000004e+00 -1.2282890243479369e-01 -0.0000000000000000e+00 -9.0000000000000000e+01 -6.0073562816854341e+01
-4.6399999999999997e+00 -1.2265837248250021e-01 -0.0000000000000000e+00 -9.0000000000000000e+01 -6.0113363853881161e+01
-4.6299999999999999e+00 -1.2248695855469066e-01 -0.0000000000000000e+00 -9.0000000000000000e+01 -6.0153427012222096e+01
-4.6200000000000001e+00 -1.2231465600073914e-01 -0.0000000000000000e+00 -9.0000000000000000e+01 -6.0193754404624727e+01
-4.6100000000000003e+00 -1.2214146013678058e-01 -0.0000000000000000e+00 -9.0000000000000000e+01 -6.0234348167837268e+01
-4.5999999999999996e+00 -1.2196736624551577e-01 -0.0000000000000000e+00 -9.0000000000000000e+01 -6.0275210462935213e+01
-4.5899999999999999e+00 -1.2179236957606533e-01 -0.0000000000000000e+00 -9.0000000000000000e+01 -6.0316343475641730e+01
-4.5800000000000001e+00 -1.2161646534380335e-01 -0.0000000000000000e+00 -9.0000000000000000e+01 -6.0357749416658351e+01
-4.5700000000000003e+00 -1.2143964873020988e-01 -0.0000000000000000e+00 -9.0000000000000000e+01 -6.0399430521996663e+01
-4.5599999999999996e+00 -1.2126191488265163e-01 -0.0000000000000000e+00 -9.0000000000000000e+01 -6.0441389053332507e+01
-4.5499999999999998e+00 -1.2108325891425910e-01 -0.0000000000000000e+00 -9.0000000000000000e+01 -6.0483627298343386e+01
-4.5400000000000000e+00 -1.2090367590372084e-01 -0.0000000000000000e+00 -9.0000000000000000e+01 -6.0526147571071149e+01
-4.5300000000000002e+00 -1.2072316089514264e-01 -0.0000000000000000e+00 -9.0000000000000000e+01 -6.0568952212275434e+01
-4.5199999999999996e+00 -1.2054170889784024e-01 -0.0000000000000000e+00 -9.0000000000000000e+01 -6.0612043589809019e+01
-4.5099999999999998e+00 -1.2035931488618686e-01 -0.0000000000000000e+00 -9.0000000000000000e+01 -6.0655424098986352e+01
-4.5000000000000000e+00 -1.2017597379944378e-01 -0.0000000000000000e+00 -9.0000000000000000e+01 -6.0699096162962761e+01
-4.4900000000000002e+00 -1.1999168054154383e-01 -0.0000000000000000e+00 -9.0000000000000000e+01 -6.0743062233131063e+01
-4.4800000000000004e+00 -1.1980642998095060e-01 -0.0000000000000000e+00 -9.0000000000000000e+01 -6.0787324789507288e+01
-4.4699999999999998e+00 -1.1962021695048161e-01 -0.0000000000000000e+00 -9.0000000000000000e+01 -6.0831886341131487e+01
-4.4600000000000000e+00 -1.1943303624707349e-01 -0.0000000000000000e+00 -9.0000000000000000e+01 -6.0876749426489631e+01
-4.4500000000000002e+00 -1.1924488263169407e-01 -0.0000000000000000e+00 -9.0000000000000000e+01 -6.0921916613907506e+01
-4.4400000000000004e+00 -1.1905575082906041e-01 -0.0000000000000000e+00 -9.0000000000000000e+01 -6.0967390501998224e+01
-4.4299999999999997e+00 -1.1886563552752648e-01 -0.0000000000000000e+00 -9.0000000000000000e+01 -6.1013173720076864e+01
-4.4199999999999999e+00 -1.1867453137887309e-01 -0.0000000000000000e+00 -9.0000000000000000e+01 -6.1059268928606009e+01
-4.4100000000000001e+00 -1.1848243299808263e-01 -0.0000000000000000e+00 -9.0000000000000000e+01 -6.1105678819652802e+01
-4.4000000000000004e+00 -1.1828933496324197e-01 -0.0000000000000000e+00 -9.0000000000000000e+01 -6.1152406117323366e+01
-4.3899999999999997e+00 -1.1809523181526964e-01 -0.0000000000000000e+00 -9.0000000000000000e+01 -6.1199453578247436e+01
-4.3799999999999999e+00 -1.1790011805776390e-01 -0.0000000000000000e+00 -9.0000000000000000e+01 -6.1246823992042479e+01
-4.3700000000000001e+00 -1.1770398815684308e-01 -0.0000000000000000e+00 -9.0000000000000000e+01 -6.1294520181788094e+01
-4.3600000000000003e+00 -1.1750683654083645e-01 -0.0000000000000000e+00 -9.0000000000000000e+01 -6.1342545004545556e+01
-4.3499999999999996e+00 -1.1730865755250261e-01 -0.0000000000000000e+00 -9.0000000000000000e+01 -6.1390901363479827e+01
-4.3399999999999999e+00 -1.1710944548610279e-01 -0.0000000000000000e+00 -9.0000000000000000e+01 -6.1439592199351793e+01
-4.3300000000000001e+00 -1.1690919463038763e-01 -0.0000000000000000e+00 -9.0000000000000000e+01 -6.1488620480479646e+01
-4.3200000000000003e+00 -1.1670789922990962e-01 -0.0000000000000000e+00 -9.0000000000000000e+01 -6.1537989212649315e+01
-4.3099999999999996e+00 -1.1650555348521191e-01 -0.0000000000000000e+00 -9.0000000000000000e+01 -6.1587701439572157e+01
-4.2999999999999998e+00 -1.1630215155261625e-01 -0.0000000000000000e+00 -9.0000000000000000e+01 -6.1637760243450508e+01
-4.2900000000000000e+00 -1.1609768754395665e-01 -0.0000000000000000e+00 -9.0000000000000000e+01 -6.1688168745567644e+01
-4.2800000000000002e+00 -1.1589215552635944e-01 -0.0000000000000000e+00 -9.0000000000000000e+01 -6.1738930106877042e+01
-4.2699999999999996e+00 -1.1568554952190983e-01 -0.0000000000000000e+00 -9.0000000000000000e+01 -6.1790047528631135e+01
-4.2599999999999998e+00 -1.1547786350749623e-01 -0.0000000000000000e+00 -9.0000000000000000e+01 -6.1841524252977692e+01
-4.2500000000000000e+00 -1.1526909141444790e-01 -0.0000000000000000e+00 -9.0000000000000000e+01 -6.1893363563619111e+01
-4.2400000000000002e+00 -1.1505922712833586e-01 -0.0000000000000000e+00 -9.0000000000000000e+01 -6.1945568786443445e+01
-4.2300000000000004e+00 -1.1484826448870231e-01 -0.0000000000000000e+00 -9.0000000000000000e+01 -6.1998143290185645e+01
-4.2199999999999998e+00 -1.1463619728874566e-01 -0.0000000000000000e+00 -9.0000000000000000e+01 -6.2051090487112539e+01
-4.2100000000000000e+00 -1.1442301927511313e-01 -0.0000000000000000e+00 -9.0000000000000000e+01 -6.2104413833694124e+01
-4.2000000000000002e+00 -1.1420872414759109e-01 -0.0000000000000000e+00 -9.0000000000000000e+01 -6.2158116831313670e+01
-4.1900000000000004e+00 -1.1399330555883042e-01 -0.0000000000000000e+00 -9.0000000000000000e+01 -6.2212203026982905e+01
-4.1799999999999997e+00 -1.1377675711408482e-01 -0.0000000000000000e+00 -9.0000000000000000e+01 -6.2266676014067947e+01
-4.1699999999999999e+00 -1.1355907237091450e-01 -0.0000000000000000e+00 -9.0000000000000000e+01 -6.2321539433038346e+01
-4.1600000000000001e+00 -1.1334024483891833e-01 -0.0000000000000000e+00 -9.0000000000000000e+01 -6.2376796972223829e+01
-4.1500000000000004e+00 -1.1312026797944628e-01 -0.0000000000000000e+00 -9.0000000000000000e+01 -6.2432452368591008e+01
-4.1399999999999997e+00 -1.1289913520530441e-01 -0.0000000000000000e+00 -9.0000000000000000e+01 -6.2488509408537581e+01
-4.1299999999999999e+00 -1.1267683988047310e-01 -0.0000000000000000e+00 -9.0000000000000000e+01 -6.2544971928699219e+01
-4.1200000000000001e+00 -1.1245337531912315e-01 -0.0000000000000000e+00 -9.0000000000000000e+01 -6.2601843816951487e+01
-4.1100000000000003e+00 -1.1222873478667070e-01 -0.0000000000000000e+00 -9.0000000000000000e+01 -6.2659129012910206e+01
-4.0999999999999996e+00 -1.1200291149949586e-01 -0.0000000000000000e+00 -9.0000000000000000e+01 -6.2716831508786861e+01
-4.0899999999999999e+00 -1.1177589862347508e-01 -0.0000000000000000e+00 -9.0000000000000000e+01 -6.2774955350565371e+01
-4.0800000000000001e+00 -1.1154768927422908e-01 -0.0000000000000000e+00 -9.0000000000000000e+01 -6.2833504638760054e+01
-4.0700000000000003e+00 -1.1131827651681188e-01 -0.0000000000000000e+00 -9.0000000000000000e+01 -6.2892483529334349e+01
-4.0599999999999996e+00 -1.1108765336543122e-01 -0.0000000000000000e+00 -9.0000000000000000e+01 -6.2951896234630382e+01
-4.0499999999999998e+00 -1.1085581278311699e-01 -0.0000000000000000e+00 -9.0000000000000000e+01 -6.3011747024331513e+01
-4.0400000000000000e+00 -1.1062274764702346e-01 -0.0000000000000000e+00 -9.0000000000000000e+01 -6.3072040235344787e+01
-4.0300000000000002e+00 -1.1038845073863471e-01 -0.0000000000000000e+00 -9.0000000000000000e+01 -6.3132780275354492e+01
-4.0199999999999996e+00 -1.1015291483459441e-01 -0.0000000000000000e+00 -9.0000000000000000e+01 -6.3193971600261371e+01
-4.0099999999999998e+00 -1.0991613265403662e-01 -0.0000000000000000e+00 -9.0000000000000000e+01 -6.3255618728741524e+01
-4.0000000000000000e+00 -1.0967809685691542e-01 -0.0000000000000000e+00 -9.0000000000000000e+01 -6.3317726243680511e+01
-3.9900000000000002e+00 -1.0943880004358630e-01 -0.0000000000000000e+00 -9.0000000000000000e+01 -6.3380298793307837e+01
-3.9800000000000000e+00 -1.0919823475441323e-01 -0.0000000000000000e+00 -9.0000000000000000e+01 -6.3443341092349165e+01
-3.9700000000000002e+00 -1.0895639346937007e-01 -0.0000000000000000e+00 -9.0000000000000000e+01 -6.3506857923204876e+01
-3.9600000000000000e+00 -1.0871326860763085e-01 -0.0000000000000000e+00 -9.0000000000000000e+01 -6.3570854137157291e+01
-3.9500000000000002e+00 -1.0846885252716766e-01 -0.0000000000000000e+00 -9.0000000000000000e+01 -6.3635334655602421e+01
-3.9399999999999999e+00 -1.0822313752433119e-01 -0.0000000000000000e+00 -9.0000000000000000e+01 -6.3700304471313231e+01
-3.9300000000000002e+00 -1.0797611583353255e-01 -0.0000000000000000e+00 -9.0000000000000000e+01 -6.3765768649704064e+01
-3.9199999999999999e+00 -1.0772777962670378e-01 -0.0000000000000000e+00 -9.0000000000000000e+01 -6.3831732330182213e+01
-3.9100000000000001e+00 -1.0747812101226852e-01 -0.0000000000000000e+00 -9.0000000000000000e+01 -6.3898200727660026e+01
-3.8999999999999999e+00 -1.0722713203571957e-01 -0.0000000000000000e+00 -9.0000000000000000e+01 -6.3965179133670127e+01
-3.8900000000000001e+00 -1.0697480467883387e-01 -0.0000000000000000e+00 -9.0000000000000000e+01 -6.4032672917873228e+01
-3.8799999999999999e+00 -1.0672113085922687e-01 -0.0000000000000000e+00 -9.0000000000000000e+01 -6.4100687529507979e+01
-3.8700000000000001e+00 -1.0646610242993844e-01 -0.0000000000000000e+00 -9.0000000000000000e+01 -6.4169228498865436e+01
-3.8599999999999999e+00 -1.0620971117898982e-01 -0.0000000000000000e+00 -9.0000000000000000e+01 -6.4238301438805337e+01
-3.8500000000000001e+00 -1.0595194882894389e-01 -0.0000000000000000e+00 -9.0000000000000000e+01 -6.4307912046306100e+01
-3.8399999999999999e+00 -1.0569280703645685e-01 -0.0000000000000000e+00 -9.0000000000000000e+01 -6.4378066104053346e+01
-3.8300000000000001e+00 -1.0543227739184406e-01 -0.0000000000000000e+00 -9.0000000000000000e+01 -6.4448769482061266e+01
-3.8199999999999998e+00 -1.0517035141860975e-01 -0.0000000000000000e+00 -9.0000000000000000e+01 -6.4520028139342102e+01
-3.8100000000000001e+00 -1.0490702057300595e-01 -0.0000000000000000e+00 -9.0000000000000000e+01 -6.4591848125606589e+01
-3.7999999999999998e+00 -1.0464227624356304e-01 -0.0000000000000000e+00 -9.0000000000000000e+01 -6.4664235583012584e+01
-3.7900000000000000e+00 -1.0437610975062846e-01 -0.0000000000000000e+00 -9.0000000000000000e+01 -6.4737196747952964e+01
-3.7799999999999998e+00 -1.0410851234589050e-01 -0.0000000000000000e+00 -9.0000000000000000e+01 -6.4810737952890349e+01
-3.7700000000000000e+00 -1.0383947521191834e-01 -0.0000000000000000e+00 -9.0000000000000000e+01 -6.4884865628231395e+01
-3.7599999999999998e+00 -1.0356898946167757e-01 -0.0000000000000000e+00 -9.0000000000000000e+01 -6.4959586304253122e+01
-3.7500000000000000e+00 -1.0329704613746740e-01 -0.0000000000000000e+00 -9.0000000000000000e+01 -6.5034906613236515e+01
-3.7400000000000002e+00 -1.0302363614376749e-01 -0.0000000000000000e+00 -9.0000000000000000e+01 -6.5110833310028582e+01
-3.7300000000000000e+00 -1.0274875031333477e-01 -0.0000000000000000e+00 -9.0000000000000000e+01 -6.5187373255799400e+01
-3.7200000000000002e+00 -1.0247237943845378e-01 -0.0000000000000000e+00 -9.0000000000000000e+01 -6.5264533411300306e+01
-3.7100000000000000e+00 -1.0219451423144185e-01 -0.0000000000000000e+00 -9.0000000000000000e+01 -6.5342320849861679e+01
-3.7000000000000002e+00 -1.0191514532405016e-01 -0.0000000000000000e+00 -9.0000000000000000e+01 -6.5420742759687940e+01
-3.6899999999999999e+00 -1.0163426326684974e-01 -0.0000000000000000e+00 -9.0000000000000000e+01 -6.5499806446214208e+01
-3.6800000000000002e+00 -1.0135185852861388e-01 -0.0000000000000000e+00 -9.0000000000000000e+01 -6.5579519334523610e+01
-3.6699999999999999e+00 -1.0106792149570028e-01 -0.0000000000000000e+00 -9.0000000000000000e+01 -6.5659888971825893e+01
-3.6600000000000001e+00 -1.0078244247142572e-01 -0.0000000000000000e+00 -9.0000000000000000e+01 -6.5740923030001312e+01
-3.6499999999999999e+00 -1.0049541167540656e-01 -0.0000000000000000e+00 -9.0000000000000000e+01 -6.5822629308219774e+01
-3.6400000000000001e+00 -1.0020681924294457e-01 -0.0000000000000000e+00 -9.0000000000000000e+01 -6.5905015735614370e+01
-3.6299999999999999e+00 -9.9916655224350240e-02 -0.0000000000000000e+00 -9.0000000000000000e+01 -6.5988090374042216e+01
-3.6200000000000001e+00 -9.9624909584295609e-02 -0.0000000000000000e+00 -9.0000000000000000e+01 -6.6071861420909087e+01
-3.6099999999999999e+00 -9.9331572201140736e-02 -0.0000000000000000e+00 -9.0000000000000000e+01 -6.6156337212075570e+01
-3.6000000000000001e+00 -9.9036632866267127e-02 -0.0000000000000000e+00 -9.0000000000000000e+01 -6.6241526224837926e+01
-3.5899999999999999e+00 -9.8740081283384809e-02 -0.0000000000000000e+00 -9.0000000000000000e+01 -6.6327437080995935e+01
-3.5800000000000001e+00 -9.8441907067848944e-02 -0.0000000000000000e+00 -9.0000000000000000e+01 -6.6414078549999701e+01
-3.5699999999999998e+00 -9.8142099745963454e-02 -0.0000000000000000e+00 -9.0000000000000000e+01 -6.6501459552184798e+01
-3.5600000000000001e+00 -9.7840648754269594e-02 -0.0000000000000000e+00 -9.0000000000000000e+01 -6.6589589162099443e+01
-3.5499999999999998e+00 -9.7537543438166244e-02 -0.0000000000000000e+00 -9.0000000000000000e+01 -6.6678476612118132e+01
-3.5400000000000000e+00 -9.7232773051000657e-02 -0.0000000000000000e+00 -9.0000000000000000e+01 -6.6768131296013934e+01
-3.5299999999999998e+00 -9.6926326757312109e-02 -0.0000000000000000e+00 -9.0000000000000000e+01 -6.6858562771401139e+01
-3.5200000000000000e+00 -9.6618193627724461e-02 -0.0000000000000000e+00 -9.0000000000000000e+01 -6.6949780764731628e+01
-3.5099999999999998e+00 -9.6308362639616132e-02 -0.0000000000000000e+00 -9.0000000000000000e+01 -6.7041795174700738e+01
-3.5000000000000000e+00 -9.5996822676361587e-02 -0.0000000000000000e+00 -9.0000000000000000e+01 -6.7134616076178318e+01
-3.4900000000000002e+00 -9.5683562526605911e-02 -0.0000000000000000e+00 -9.0000000000000000e+01 -6.7228253724240716e+01
-3.4800000000000000e+00 -9.5368570883500897e-02 -0.0000000000000000e+00 -9.0000000000000000e+01 -6.7322718558328646e+01
-3.4700000000000002e+00 -9.5051836343948731e-02 -0.0000000000000000e+00 -9.0000000000000000e+01 -6.7418021206521487e+01
-3.4600000000000000e+00 -9.4733347375710347e-02 -0.0000000000000000e+00 -9.0000000000000000e+01 -6.7514172499652048e+01
-3.4500000000000002e+00 -9.4413092276964691e-02 -0.0000000000000000e+00 -9.0000000000000000e+01 -6.7611183488036957e+01
-3.4399999999999999e+00 -9.4091059305860189e-02 -0.0000000000000000e+00 -9.0000000000000000e+01 -6.7709065406834441e+01
-3.4300000000000002e+00 -9.3767236615829697e-02 -0.0000000000000000e+00 -9.0000000000000000e+01 -6.7807829700073697e+01
-3.4199999999999999e+00 -9.3441612250266801e-02 -0.0000000000000000e+00 -9.0000000000000000e+01 -6.7907488027023533e+01
-3.4100000000000001e+00 -9.3114174141502221e-02 -0.0000000000000000e+00 -9.0000000000000000e+01 -6.8008052267414939e+01
-3.3999999999999999e+00 -9.2784910109877702e-02 -0.0000000000000000e+00 -9.0000000000000000e+01 -6.8109534526789176e+01
-3.3900000000000001e+00 -9.2453807863247833e-02 -0.0000000000000000e+00 -9.0000000000000000e+01 -6.8211947141874177e+01
-3.3799999999999999e+00 -9.2120854995337356e-02 -0.0000000000000000e+00 -9.0000000000000000e+01 -6.8315302686480251e+01
-3.3700000000000001e+00 -9.1786038985012780e-02 -0.0000000000000000e+00 -9.0000000000000000e+01 -6.8419613977288293e+01
-3.3599999999999999e+00 -9.1449347195286163e-02 -0.0000000000000000e+00 -9.0000000000000000e+01 -6.8524894079899724e+01
-3.3500000000000001e+00 -9.1110766872284629e-02 -0.0000000000000000e+00 -9.0000000000000000e+01 -6.8631156315083672e+01
-3.3399999999999999e+00 -9.0770285144240168e-02 -0.0000000000000000e+00 -9.0000000000000000e+01 -6.8738414265211588e+01
-3.3300000000000001e+00 -9.0427889020436913e-02 -0.0000000000000000e+00 -9.0000000000000000e+01 -6.8846681780906493e+01
-3.3199999999999998e+00 -9.0083565390167430e-02 -0.0000000000000000e+00 -9.0000000000000000e+01 -6.8955972987898079e+01
-3.3100000000000001e+00 -8.9737301021660290e-02 -0.0000000000000000e+00 -9.0000000000000000e+01 -6.9066302294104418e+01
-3.2999999999999998e+00 -8.9389082561001948e-02 -0.0000000000000000e+00 -9.0000000000000000e+01 -6.9177684396940919e+01
-3.2900000000000000e+00 -8.9038896531043105e-02 -0.0000000000000000e+00 -9.0000000000000000e+01 -6.9290134290868920e+01
-3.2799999999999998e+00 -8.8686729330286457e-02 -0.0000000000000000e+00 -9.0000000000000000e+01 -6.9403667275194195e+01
-3.2700000000000000e+00 -8.8332567231775072e-02 -0.0000000000000000e+00 -9.0000000000000000e+01 -6.9518298962118905e+01
-3.2599999999999998e+00 -8.7976396381953204e-02 -0.0000000000000000e+00 -9.0000000000000000e+01 -6.9634045285066421e+01
-3.2500000000000000e+00 -8.7618202799514044e-02 -0.0000000000000000e+00 -9.0000000000000000e+01 -6.9750922507284912e+01
-3.2400000000000002e+00 -8.7257972374243070e-02 -0.0000000000000000e+00 -9.0000000000000000e+01 -6.9868947230738343e+01
-3.2300000000000000e+00 -8.6895690865836248e-02 -0.0000000000000000e+00 -9.0000000000000000e+01 -6.9988136405302996e+01
-3.2200000000000002e+00 -8.6531343902712429e-02 -0.0000000000000000e+00 -9.0000000000000000e+01 -7.0108507338276098e+01
-3.2100000000000000e+00 -8.6164916979988682e-02 -0.0000000000000000e+00 -9.0000000000000000e+01 -7.0230077704485126e+01
-3.2000000000000002e+00 -8.5796395460650737e-02 -0.0000000000000000e+00 -9.0000000000000000e+01 -7.0352865555673688e+01
-3.1899999999999999e+00 -8.5425768623815859e-02 -0.0000000000000000e+00 -9.0000000000000000e+01 -7.0476887973007791e+01
-3.1800000000000002e+00 -8.5053013172501635e-02 -0.0000000000000000e+00 -9.0000000000000000e+01 -7.0602166602766886e+01
-3.1699999999999999e+00 -8.4678118238010414e-02 -0.0000000000000000e+00 -9.0000000000000000e+01 -7.0728719299726265e+01
-3.1600000000000001e+00 -8.4301068600974208e-02 -0.0000000000000000e+00 -9.0000000000000000e+01 -7.0856565747130588e+01
-3.1499999999999999e+00 -8.3921848812089403e-02 -0.0000000000000000e+00 -9.0000000000000000e+01 -7.0985726093116426e+01
-3.1400000000000001e+00 -8.3540443303423653e-02 -0.0000000000000000e+00 -9.0000000000000000e+01 -7.1116220925352422e+01
-3.1299999999999999e+00 -8.3156836380601534e-02 -0.0000000000000000e+00 -9.0000000000000000e+01 -7.1248071286132046e+01
-3.1200000000000001e+00 -8.2771012192084853e-02 -0.0000000000000000e+00 -9.0000000000000000e+01 -7.1381298695921544e+01
-3.1099999999999999e+00 -8.2382954727495905e-02 -0.0000000000000000e+00 -9.0000000000000000e+01 -7.1515925167583475e+01
-3.1000000000000001e+00 -8.1992647815933212e-02 -0.0000000000000000e+00 -9.0000000000000000e+01 -7.1651973221127221e+01
-3.0899999999999999e+00 -8.1600075124265925e-02 -0.0000000000000000e+00 -9.0000000000000000e+01 -7.1789465899014417e+01
-3.0800000000000001e+00 -8.1205220155390959e-02 -0.0000000000000000e+00 -9.0000000000000000e+01 -7.1928426782050394e+01
-3.0699999999999998e+00 -8.0808066246460045e-02 -0.0000000000000000e+00 -9.0000000000000000e+01 -7.2068880005885575e+01
-3.0600000000000001e+00 -8.0408596567090845e-02 -0.0000000000000000e+00 -9.0000000000000000e+01 -7.2210850278150048e+01
-3.0499999999999998e+00 -8.0006794117543842e-02 -0.0000000000000000e+00 -9.0000000000000000e+01 -7.2354362896256887e+01
-3.0400000000000000e+00 -7.9602641726865944e-02 -0.0000000000000000e+00 -9.0000000000000000e+01 -7.2499443765905383e+01
-3.0299999999999998e+00 -7.9196122051013243e-02 -0.0000000000000000e+00 -9.0000000000000000e+01 -7.2646119420312388e+01
-3.0200000000000000e+00 -7.8787217570938220e-02 -0.0000000000000000e+00 -9.0000000000000000e+01 -7.2794417040211741e+01
-3.0099999999999998e+00 -7.8375910590651618e-02 -0.0000000000000000e+00 -9.0000000000000000e+01 -7.2944364474654947e+01
-3.0000000000000000e+00 -7.7962183235245369e-02 -0.0000000000000000e+00 -9.0000000000000000e+01 -7.3095990262656258e+01
-2.9900000000000002e+00 -7.7546017448894805e-02 -0.0000000000000000e+00 -9.0000000000000000e+01 -7.3249323655717049e+01
-2.9800000000000000e+00 -7.7127394992818774e-02 -0.0000000000000000e+00 -9.0000000000000000e+01 -7.3404394641280120e+01
-2.9700000000000002e+00 -7.6706297443218607e-02 -0.0000000000000000e+00 -9.0000000000000000e+01 -7.3561233967152234e+01
-2.9600000000000000e+00 -7.6282706187701610e-02 -0.0000000000000000e+00 -9.0000000000000000e+01 -7.3719873167504176e+01
-2.9500000000000002e+00 -7.5856602425260877e-02 -0.0000000000000000e+00 -9.0000000000000000e+01 -7.3880344588606476e+01
-2.9399999999999999e+00 -7.5427967166066381e-02 -0.0000000000000000e+00 -9.0000000000000000e+01 -7.4042681415724445e+01
-2.9300000000000002e+00 -7.4996781225554920e-02 -0.0000000000000000e+00 -9.0000000000000000e+01 -7.4206917703336700e+01
-2.9199999999999999e+00 -7.4563025223542440e-02 -0.0000000000000000e+00 -9.0000000000000000e+01 -7.4373088404704802e+01
-2.9100000000000001e+00 -7.4126679581973012e-02 -0.0000000000000000e+00 -9.0000000000000000e+01 -7.4541229403249645e+01
-2.8999999999999999e+00 -7.3687724522633807e-02 -0.0000000000000000e+00 -9.0000000000000000e+01 -7.4711377545306846e+01
-2.8900000000000001e+00 -7.3246140064838858e-02 -0.0000000000000000e+00 -9.0000000000000000e+01 -7.4883570674333257e+01
-2.8799999999999999e+00 -7.2801905960062210e-02 -0.0000000000000000e+00 -9.0000000000000000e+01 -7.5057847691440458e+01
-2.8700000000000001e+00 -7.2355001710578959e-02 -0.0000000000000000e+00 -9.0000000000000000e+01 -7.5234248585184389e+01
-2.8599999999999999e+00 -7.1905406662839871e-02 -0.0000000000000000e+00 -9.0000000000000000e+01 -7.5412814432996939e+01
-2.8500000000000001e+00 -7.1453099939551054e-02 -0.0000000000000000e+00 -9.0000000000000000e+01 -7.5593587467647382e+01
-2.8399999999999999e+00 -7.0998060436807578e-02 -0.0000000000000000e+00 -9.0000000000000000e+01 -7.5776611120306697e+01
-2.8300000000000001e+00 -7.0540266821397982e-02 -0.0000000000000000e+00 -9.0000000000000000e+01 -7.5961930065544138e+01
-2.8199999999999998e+00 -7.0079697528050530e-02 -0.0000000000000000e+00 -9.0000000000000000e+01 -7.6149590268459008e+01
-2.8100000000000001e+00 -6.9616330756633663e-02 -0.0000000000000000e+00 -9.0000000000000000e+01 -7.6339639034065002e+01
-2.7999999999999998e+00 -6.9150144469318151e-02 -0.0000000000000000e+00 -9.0000000000000000e+01 -7.6532125059053698e+01
-2.7900000000000000e+00 -6.8681116387674421e-02 -0.0000000000000000e+00 -9.0000000000000000e+01 -7.6727098486086661e+01
-2.7799999999999998e+00 -6.8209223989730727e-02 -0.0000000000000000e+00 -9.0000000000000000e+01 -7.6924610960754563e+01
-2.7700000000000000e+00 -6.7734444506975619e-02 -0.0000000000000000e+00 -9.0000000000000000e+01 -7.7124715691367953e+01
-2.7599999999999998e+00 -6.7256754921304951e-02 -0.0000000000000000e+00 -9.0000000000000000e+01 -7.7327467511750172e+01
-2.7500000000000000e+00 -6.6776131961923543e-02 -0.0000000000000000e+00 -9.0000000000000000e+01 -7.7532922947209684e+01
-2.7400000000000002e+00 -6.6292552102181018e-02 -0.0000000000000000e+00 -9.0000000000000000e+01 -7.7741140283895319e+01
-2.7300000000000000e+00 -6.5805991556361854e-02 -0.0000000000000000e+00 -9.0000000000000000e+01 -7.7952179641735157e+01
-2.7200000000000002e+00 -6.5316426276411432e-02 -0.0000000000000000e+00 -9.0000000000000000e+01 -7.8166103051190902e+01
-2.7100000000000000e+00 -6.4823831947237412e-02 -0.0000000000000000e+00 -9.0000000000000000e+01 -7.8382974534670410e+01
-2.7000000000000002e+00 -6.4328183985354295e-02 -0.0000000000000000e+00 -9.0000000000000000e+01 -7.8602860190766222e+01
-2.6899999999999999e+00 -6.3829457536428991e-02 -0.0000000000000000e+00 -9.0000000000000000e+01 -7.8825828283511768e+01
-2.6800000000000002e+00 -6.3327627469725950e-02 -0.0000000000000000e+00 -9.0000000000000000e+01 -7.9051949337882888e+01
-2.6699999999999999e+00 -6.2822668375196566e-02 -0.0000000000000000e+00 -9.0000000000000000e+01 -7.9281296239323680e+01
-2.6600000000000001e+00 -6.2314554559878110e-02 -0.0000000000000000e+00 -9.0000000000000000e+01 -7.9513944339110495e+01
-2.6499999999999999e+00 -6.1803260044219807e-02 -0.0000000000000000e+00 -9.0000000000000000e+01 -7.9749971565658967e+01
-2.6400000000000001e+00 -6.1288758558347124e-02 -0.0000000000000000e+00 -9.0000000000000000e+01 -7.9989458542174432e+01
-2.6299999999999999e+00 -6.0771023538255267e-02 -0.0000000000000000e+00 -9.0000000000000000e+01 -8.0232488711087939e+01
-2.6200000000000001e+00 -6.0250028055225661e-02 -0.0000000000000000e+00 -9.0000000000000000e+01 -8.0479148497469552e+01
-2.6099999999999999e+00 -5.9725744822334809e-02 -0.0000000000000000e+00 -9.0000000000000000e+01 -8.0729527444873028e+01
-2.6000000000000001e+00 -5.9198146308359720e-02 -0.0000000000000000e+00 -9.0000000000000000e+01 -8.0983718307334954e+01
-2.5899999999999999e+00 -5.8667204657930613e-02 -0.0000000000000000e+00 -9.0000000000000000e+01 -8.1241817241877072e+01
-2.5800000000000001e+00 -5.8132891686678415e-02 -0.0000000000000000e+00 -9.0000000000000000e+01 -8.1503923975551828e+01
-2.5699999999999998e+00 -5.7595178876816713e-02 -0.0000000000000000e+00 -9.0000000000000000e+01 -8.1770141982582089e+01
-2.5600000000000001e+00 -5.7054037372645257e-02 -0.0000000000000000e+00 -9.0000000000000000e+01 -8.2040578672614117e+01
-2.5499999999999998e+00 -5.6509437975966630e-02 -0.0000000000000000e+00 -9.0000000000000000e+01 -8.2315345590933944e+01
-2.5400000000000000e+00 -5.5961351141408683e-02 -0.0000000000000000e+00 -9.0000000000000000e+01 -8.2594558631573406e+01
-2.5299999999999998e+00 -5.5409746971663142e-02 -0.0000000000000000e+00 -9.0000000000000000e+01 -8.2878338264307345e+01
-2.5200000000000000e+00 -5.4854595212626985e-02 -0.0000000000000000e+00 -9.0000000000000000e+01 -8.3166809776648364e+01
-2.5099999999999998e+00 -5.4295865248450051e-02 -0.0000000000000000e+00 -9.0000000000000000e+01 -8.3460103532040719e+01
-2.5000000000000000e+00 -5.3733526096839596e-02 -0.0000000000000000e+00 -9.0000000000000000e+01 -8.3758355245382859e+01
-2.4900000000000002e+00 -5.3167546402625804e-02 -0.0000000000000000e+00 -9.0000000000000000e+01 -8.4061706278384335e+01
-2.4800000000000000e+00 -5.2597894432486088e-02 -0.0000000000000000e+00 -9.0000000000000000e+01 -8.4370303954829367e+01
-2.4700000000000002e+00 -5.2024538071942676e-02 -0.0000000000000000e+00 -9.0000000000000000e+01 -8.4684301896826312e+01
-2.4600000000000000e+00 -5.1447444818717207e-02 -0.0000000000000000e+00 -9.0000000000000000e+01 -8.5003860387151946e+01
-2.4500000000000002e+00 -5.0866581777200902e-02 -0.0000000000000000e+00 -9.0000000000000000e+01 -8.5329146757271218e+01
-2.4399999999999999e+00 -5.0281915652814022e-02 -0.0000000000000000e+00 -9.0000000000000000e+01 -8.5660335804009335e+01
-2.4300000000000002e+00 -4.9693412746252143e-02 -0.0000000000000000e+00 -9.0000000000000000e+01 -8.5997610237452463e+01
-2.4199999999999999e+00 -4.9101038947609157e-02 -0.0000000000000000e+00 -9.0000000000000000e+01 -8.6341161162931485e+01
-2.4100000000000001e+00 -4.8504759730378849e-02 -0.0000000000000000e+00 -9.0000000000000000e+01 -8.6691188600244899e+01
-2.3999999999999999e+00 -4.7904540145329709e-02 -0.0000000000000000e+00 -9.0000000000000000e+01 -8.7047902043628270e+01
-2.3900000000000001e+00 -4.7300344814250370e-02 -0.0000000000000000e+00 -9.0000000000000000e+01 -8.7411521066366291e+01
-2.3799999999999999e+00 -4.6692137921326045e-02 -0.0000000000000000e+00 -9.0000000000000000e+01 -8.7782275975758751e+01
-2.3700000000000001e+00 -4.6079883093338346e-02 -0.0000000000000000e+00 -9.0000000000000000e+01 -8.8160408591050356e+01
-2.3599999999999999e+00 -4.5463543514356421e-02 -0.0000000000000000e+00 -9.0000000000000000e+01 -8.8546172938476616e+01
-2.3500000000000001e+00 -4.4843081948236031e-02 -0.0000000000000000e+00 -9.0000000000000000e+01 -8.8939836064546768e+01
-2.3399999999999999e+00 -4.4218460678730503e-02 -0.0000000000000000e+00 -9.0000000000000000e+01 -8.9341678973090609e+01
-2.3300000000000001e+00 -4.3589641502268461e-02 -0.0000000000000000e+00 -9.0000000000000000e+01 -8.9751997610109939e+01
-2.3199999999999998e+00 -4.2956585722353266e-02 -0.0000000000000000e+00 -9.0000000000000000e+01 -9.0171103935831269e+01
-2.3100000000000001e+00 -4.2319254138241759e-02 -0.0000000000000000e+00 -9.0000000000000000e+01 -9.0599327098493518e+01
-2.2999999999999998e+00 -4.1677607038066646e-02 -0.0000000000000000e+00 -9.0000000000000000e+01 -9.1037014714225819e+01
-2.2900000000000000e+00 -4.1031604193013924e-02 -0.0000000000000000e+00 -9.0000000000000000e+01 -9.1484534267468405e+01
-2.2799999999999998e+00 -4.0381204848453735e-02 -0.0000000000000000e+00 -9.0000000000000000e+01 -9.1942274648827038e+01
-2.2700000000000000e+00 -3.9726367715798280e-02 -0.0000000000000000e+00 -9.0000000000000000e+01 -9.2410647843885343e+01
-2.2599999999999998e+00 -3.9067050964171485e-02 -0.0000000000000000e+00 -9.0000000000000000e+01 -9.2890090791860658e+01
-2.2500000000000000e+00 -3.8403212211893759e-02 -0.0000000000000000e+00 -9.0000000000000000e+01 -9.3381067435012127e+01
-2.2400000000000002e+00 -3.7734808517514914e-02 -0.0000000000000000e+00 -9.0000000000000000e+01 -9.3884070982981967e+01
-2.2300000000000000e+00 -3.7061796371287620e-02 -0.0000000000000000e+00 -9.0000000000000000e+01 -9.4399626418975942e+01
-2.2200000000000002e+00 -3.6384131686108233e-02 -0.0000000000000000e+00 -9.0000000000000000e+01 -9.4928293280280798e+01
-2.2100000000000000e+00 -3.5701769787963432e-02 -0.0000000000000000e+00 -9.0000000000000000e+01 -9.5470668749886471e+01
-2.2000000000000002e+00 -3.5014665406440444e-02 -0.0000000000000000e+00 -9.0000000000000000e+01 -9.6027391101443612e+01
-2.1899999999999999e+00 -3.4322772664941083e-02 -0.0000000000000000e+00 -9.0000000000000000e+01 -9.6599143547473332e+01
-2.1800000000000002e+00 -3.3626045068722334e-02 -0.0000000000000000e+00 -9.0000000000000000e+01 -9.7186658550412901e+01
-2.1699999999999999e+00 -3.2924435497509667e-02 -0.0000000000000000e+00 -9.0000000000000000e+01 -9.7790722658817671e+01
-2.1600000000000001e+00 -3.2217896200838592e-02 -0.0000000000000000e+00 -9.0000000000000000e+01 -9.8412181949671549e+01
-2.1499999999999999e+00 -3.1506378777378899e-02 -0.0000000000000000e+00 -9.0000000000000000e+01 -9.9051948187743577e+01
-2.1400000000000001e+00 -3.0789834106176445e-02 -0.0000000000000000e+00 -9.0000000000000000e+01 -9.9711005845903728e+01
-2.1299999999999999e+00 -3.0068212287830427e-02 -0.0000000000000000e+00 -9.0000000000000000e+01 -1.0039042007202490e+02
-2.1200000000000001e+00 -2.9341462823789213e-02 -0.0000000000000000e+00 -9.0000000000000000e+01 -1.0109134553885569e+02
-2.1099999999999999e+00 -2.8609534505052193e-02 -0.0000000000000000e+00 -9.0000000000000000e+01 -1.0181503685764784e+02
-2.1000000000000001e+00 -2.7872375396098593e-02 -0.0000000000000000e+00 -9.0000000000000000e+01 -1.0256286043844497e+02
-2.0899999999999999e+00 -2.7129932822661015e-02 -0.0000000000000000e+00 -9.0000000000000000e+01 -1.0333630815847859e+02
-2.0800000000000001e+00 -2.6382153359194235e-02 -0.0000000000000000e+00 -9.0000000000000000e+01 -1.0413701318518615e+02
-2.0699999999999998e+00 -2.5628982816489180e-02 -0.0000000000000000e+00 -9.0000000000000000e+01 -1.0496676837420152e+02
-2.0600000000000001e+00 -2.4870366230325559e-02 -0.0000000000000000e+00 -9.0000000000000000e+01 -1.0582754776117548e+02
-2.0499999999999998e+00 -2.4106247838718613e-02 -0.0000000000000000e+00 -9.0000000000000000e+01 -1.0672153180861024e+02
-2.0400000000000000e+00 -2.3336571078544869e-02 -0.0000000000000000e+00 -9.0000000000000000e+01 -1.0765113718297950e+02
-2.0299999999999998e+00 -2.2561278568027490e-02 -0.0000000000000000e+00 -9.0000000000000000e+01 -1.0861905212185776e+02
-2.0200000000000000e+00 -2.1780312092218666e-02 -0.0000000000000000e+00 -9.0000000000000000e+01 -1.0962827867304459e+02
-2.0099999999999998e+00 -2.0993612588073984e-02 -0.0000000000000000e+00 -9.0000000000000000e+01 -1.1068218347865978e+02
-2.0000000000000000e+00 -2.0201120129069088e-02 -0.0000000000000000e+00 -9.0000000000000000e+01 -1.1178455926638374e+02
-1.9900000000000000e+00 -1.9402773909239779e-02 -0.0000000000000000e+00 -9.0000000000000000e+01 -1.1293969987660202e+02
-1.9800000000000000e+00 -1.8598512224092503e-02 -0.0000000000000000e+00 -9.0000000000000000e+01 -1.1415249257012826e+02
-1.9700000000000000e+00 -1.7788272458546989e-02 -0.0000000000000000e+00 -9.0000000000000000e+01 -1.1542853260669696e+02
-1.9600000000000000e+00 -1.6971991072058087e-02 -0.0000000000000000e+00 -9.0000000000000000e+01 -1.1677426689044319e+02
-1.9500000000000000e+00 -1.6149603573972441e-02 -0.0000000000000000e+00 -9.0000000000000000e+01 -1.1819717601717595e+02
-1.9399999999999999e+00 -1.5321044506638274e-02 -0.0000000000000000e+00 -9.0000000000000000e+01 -1.1970600770412364e+02
-1.9299999999999999e+00 -1.4486247425305665e-02 -0.0000000000000000e+00 -9.0000000000000000e+01 -1.2131108007874934e+02
-1.9199999999999999e+00 -1.3645144780285378e-02 -0.0000000000000000e+00 -9.0000000000000000e+01 -1.2302468171750824e+02
-1.9099999999999999e+00 -1.2797667959181693e-02 -0.0000000000000000e+00 -9.0000000000000000e+01 -1.2486160735471348e+02
-1.8999999999999999e+00 -1.1943747358368763e-02 -0.0000000000000000e+00 -9.0000000000000000e+01 -1.2683988898052297e+02
-1.8899999999999999e+00 -1.1083312287222754e-02 -0.0000000000000000e+00 -9.0000000000000000e+01 -1.2898181515902334e+02
-1.8799999999999999e+00 -1.0216290948693283e-02 -0.0000000000000000e+00 -9.0000000000000000e+01 -1.3131538578500508e+02
-1.8700000000000001e+00 -9.3426104207785989e-03 -0.0000000000000000e+00 -9.0000000000000000e+01 -1.3387644686940965e+02
-1.8600000000000001e+00 -8.4621966346932320e-03 -0.0000000000000000e+00 -9.0000000000000000e+01 -1.3671192653544315e+02
-1.8500000000000001e+00 -7.5749743440215404e-03 -0.0000000000000000e+00 -9.0000000000000000e+01 -1.3988493314200619e+02
-1.8400000000000001e+00 -6.6808671137662213e-03 -0.0000000000000000e+00 -9.0000000000000000e+01 -1.4348317048730931e+02
-1.8300000000000001e+00 -5.7797972936944149e-03 -0.0000000000000000e+00 -9.0000000000000000e+01 -1.4763365311500135e+02
-1.8200000000000001e+00 -4.8716859944203782e-03 -0.0000000000000000e+00 -9.0000000000000000e+01 -1.5253039492780013e+02
-1.8100000000000001e+00 -3.9564530624579854e-03 -0.0000000000000000e+00 -9.0000000000000000e+01 -1.5849179574752665e+02
-1.8000000000000000e+00 -3.0340170540679484e-03 -0.0000000000000000e+00 -9.0000000000000000e+01 -1.6609667690098422e+02
-1.7900000000000000e+00 -2.1042952076144703e-03 -0.0000000000000000e+00 -9.0000000000000000e+01 -1.7657913769290806e+02
-1.7800000000000000e+00 -1.1672034140658863e-03 -0.0000000000000000e+00 -9.0000000000000000e+01 -1.9346334303508465e+02
-1.7700000000000000e+00 -2.2265618504182979e-04 -0.0000000000000000e+00 -9.0000000000000000e+01 -2.4092536516417914e+02
-1.7600000000000000e+00 7.2943338241721176e-04 0.0000000000000000e+00 0.0000000000000000e+00 -2.0693065521671309e+02
-1.7500000000000000e+00 1.6891536457463100e-03 0.0000000000000000e+00 0.0000000000000000e+00 -1.8287459714347096e+02
-1.7400000000000000e+00 2.6565944635106582e-03 0.0000000000000000e+00 0.0000000000000000e+00 -1.6990233351506637e+02
-1.7300000000000000e+00 3.6318472523868763e-03 0.0000000000000000e+00 0.0000000000000000e+00 -1.6094424214711455e+02
-1.7200000000000000e+00 4.6150049900104996e-03 0.0000000000000000e+00 0.0000000000000000e+00 -1.5408102292513269e+02
-1.7100000000000000e+00 5.6061621446082035e-03 0.0000000000000000e+00 0.0000000000000000e+00 -1.4850747781054486e+02
-1.7000000000000000e+00 6.6054148542401998e-03 0.0000000000000000e+00 0.0000000000000000e+00 -1.4380855440667804e+02
-1.6899999999999999e+00 7.6128609172221558e-03 0.0000000000000000e+00 0.0000000000000000e+00 -1.3974200656886987e+02
-1.6799999999999999e+00 8.6285998254191434e-03 0.0000000000000000e+00 0.0000000000000000e+00 -1.3615405307181950e+02
-1.6699999999999999e+00 9.6527327972141912e-03 0.0000000000000000e+00 0.0000000000000000e+00 -1.3294093956766736e+02
-1.6599999999999999e+00 1.0685362816000582e-02 0.0000000000000000e+00 0.0000000000000000e+00 -1.3002934632426170e+02
-1.6499999999999999e+00 1.1726594667164860e-02 0.0000000000000000e+00 0.0000000000000000e+00 -1.2736553756516747e+02
-1.6399999999999999e+00 1.2776534977661779e-02 0.0000000000000000e+00 0.0000000000000000e+00 -1.2490895314798063e+02
-1.6299999999999999e+00 1.3835292258989267e-02 0.0000000000000000e+00 0.0000000000000000e+00 -1.2262822434404370e+02
-1.6200000000000001e+00 1.4902976962744077e-02 0.0000000000000000e+00 0.0000000000000000e+00 -1.2049859030964271e+02
-1.6100000000000001e+00 1.5979701524262313e-02 0.0000000000000000e+00 0.0000000000000000e+00 -1.1850016299712749e+02
-1.6000000000000001e+00 1.7065580475730233e-02 0.0000000000000000e+00 0.0000000000000000e+00 -1.1661672652821490e+02
-1.5900000000000001e+00 1.8160719898119296e-02 0.0000000000000000e+00 0.0000000000000000e+00 -1.1483490178278447e+02
-1.5800000000000001e+00 1.9265251225001133e-02 0.0000000000000000e+00 0.0000000000000000e+00 -1.1314347295755643e+02
-1.5700000000000001e+00 2.0379292429123140e-02 0.0000000000000000e+00 0.0000000000000000e+00 -1.1153299488410653e+02
-1.5600000000000001e+00 2.1502965476601098e-02 0.0000000000000000e+00 0.0000000000000000e+00 -1.0999541833806690e+02
-1.5500000000000000e+00 2.2636396559797382e-02 0.0000000000000000e+00 0.0000000000000000e+00 -1.0852382713861388e+02
-1.5400000000000000e+00 2.3779713679377527e-02 0.0000000000000000e+00 0.0000000000000000e+00 -1.0711223753099539e+02
-1.5300000000000000e+00 2.4933047060609129e-02 0.0000000000000000e+00 0.0000000000000000e+00 -1.0575543726330939e+02
-1.5200000000000000e+00 2.6096529723707889e-02 0.0000000000000000e+00 0.0000000000000000e+00 -1.0444885771853430e+02
-1.5100000000000000e+00 2.7270296931145445e-02 0.0000000000000000e+00 0.0000000000000000e+00 -1.0318847259059842e+02
-1.5000000000000000e+00 2.8454483862229891e-02 0.0000000000000000e+00 0.0000000000000000e+00 -1.0197071760991810e+02
-1.4900000000000000e+00 2.9649232236568665e-02 0.0000000000000000e+00 0.0000000000000000e+00 -1.0079241621794094e+02
-1.4800000000000000e+00 3.0854684650386509e-02 0.0000000000000000e+00 0.0000000000000000e+00 -9.9650730189153592e+01
-1.4700000000000000e+00 3.2070986941942797e-02 0.0000000000000000e+00 0.0000000000000000e+00 -9.8543111198182643e+01
-1.4600000000000000e+00 3.3298287629769774e-02 0.0000000000000000e+00 0.0000000000000000e+00 -9.7467263038183830e+01
-1.4500000000000000e+00 3.4536738241576111e-02 0.0000000000000000e+00 0.0000000000000000e+00 -9.6421109114808957e+01
-1.4399999999999999e+00 3.5786493512558977e-02 0.0000000000000000e+00 0.0000000000000000e+00 -9.5402765098397921e+01
-1.4299999999999999e+00 3.7047711164131768e-02 0.0000000000000000e+00 0.0000000000000000e+00 -9.4410516019516450e+01
-1.4199999999999999e+00 3.8320552069923505e-02 0.0000000000000000e+00 0.0000000000000000e+00 -9.3442796407066908e+01
-1.4099999999999999e+00 3.9605180353045569e-02 0.0000000000000000e+00 0.0000000000000000e+00 -9.2498173298589990e+01
-1.3999999999999999e+00 4.0901763463594913e-02 0.0000000000000000e+00 0.0000000000000000e+00 -9.1575331609807378e+01
-1.3899999999999999e+00 4.2210472253772023e-02 0.0000000000000000e+00 0.0000000000000000e+00 -9.0673061470700461e+01
-1.3799999999999999e+00 4.3531481048466360e-02 0.0000000000000000e+00 0.0000000000000000e+00 -8.9790247220937943e+01
-1.3700000000000001e+00 4.4864967776387557e-02 0.0000000000000000e+00 0.0000000000000000e+00 -8.8925857769254890e+01
-1.3600000000000001e+00 4.6211114739377938e-02 0.0000000000000000e+00 0.0000000000000000e+00 -8.8078937757483118e+01
-1.3500000000000001e+00 4.7570107395802405e-02 0.0000000000000000e+00 0.0000000000000000e+00 -8.7248601013912676e+01
-1.3400000000000001e+00 4.8942135339303423e-02 0.0000000000000000e+00 0.0000000000000000e+00 -8.6434023456952062e+01
-1.3300000000000001e+00 5.0327392215713168e-02 0.0000000000000000e+00 0.0000000000000000e+00 -8.5634437451724253e+01
-1.3200000000000001e+00 5.1726075832267848e-02 0.0000000000000000e+00 0.0000000000000000e+00 -8.4849126693582093e+01
-1.3100000000000001e+00 5.3138388267858883e-02 0.0000000000000000e+00 0.0000000000000000e+00 -8.4077421657847324e+01
-1.3000000000000000e+00 5.4564536013050120e-02 0.0000000000000000e+00 0.0000000000000000e+00 -8.3318695527228144e+01
-1.2900000000000000e+00 5.6004730150507824e-02 0.0000000000000000e+00 0.0000000000000000e+00 -8.2572360531608510e+01
-1.2800000000000000e+00 5.7459186468368235e-02 0.0000000000000000e+00 0.0000000000000000e+00 -8.1837864703533555e+01
-1.2700000000000000e+00 5.8928125549207691e-02 0.0000000000000000e+00 0.0000000000000000e+00 -8.1114688976124128e+01
-1.2600000000000000e+00 6.0411772915058885e-02 0.0000000000000000e+00 0.0000000000000000e+00 -8.0402344543752378e+01
-1.2500000000000000e+00 6.1910359188065422e-02 0.0000000000000000e+00 0.0000000000000000e+00 -7.9700370474826485e+01
-1.2400000000000000e+00 6.3424126368281916e-02 0.0000000000000000e+00 0.0000000000000000e+00 -7.9008328792085919e+01
-1.2300000000000000e+00 6.4953303138122948e-02 0.0000000000000000e+00 0.0000000000000000e+00 -7.8325813808611315e+01
-1.2200000000000000e+00 6.6498142873141874e-02 0.0000000000000000e+00 0.0000000000000000e+00 -7.7652433067648033e+01
-1.2100000000000000e+00 6.8058898218062991e-02 0.0000000000000000e+00 0.0000000000000000e+00 -7.6987817495217556e+01
-1.2000000000000000e+00 6.9635827762670757e-02 0.0000000000000000e+00 0.0000000000000000e+00 -7.6331616923828122e+01
-1.1899999999999999e+00 7.1229196230126107e-02 0.0000000000000000e+00 0.0000000000000000e+00 -7.5683498749160094e+01
-1.1799999999999999e+00 7.2839274673876117e-02 0.0000000000000000e+00 0.0000000000000000e+00 -7.5043146700793216e+01
-1.1699999999999999e+00 7.4466340683906521e-02 0.0000000000000000e+00 0.0000000000000000e+00 -7.4410259715263393e+01
-1.1599999999999999e+00 7.6110678603301382e-02 0.0000000000000000e+00 0.0000000000000000e+00 -7.3784550901029817e+01
-1.1499999999999999e+00 7.7772579756396232e-02 0.0000000000000000e+00 0.0000000000000000e+00 -7.3165746586021939e+01
-1.1399999999999999e+00 7.9452352841543741e-02 0.0000000000000000e+00 0.0000000000000000e+00 -7.2553581779129630e+01
-1.1299999999999999e+00 8.1150286408654126e-02 0.0000000000000000e+00 0.0000000000000000e+00 -7.1947813078379880e+01
-1.1200000000000001e+00 8.2866701540965426e-02 0.0000000000000000e+00 0.0000000000000000e+00 -7.1348198767640895e+01
-1.1100000000000001e+00 8.4601919780861082e-02 0.0000000000000000e+00 0.0000000000000000e+00 -7.0754509997472013e+01
-1.1000000000000001e+00 8.6356270871448607e-02 0.0000000000000000e+00 0.0000000000000000e+00 -7.0166527395061550e+01
-1.0900000000000001e+00 8.8130093038031321e-02 0.0000000000000000e+00 0.0000000000000000e+00 -6.9584040472731502e+01
-1.0800000000000001e+00 8.9923733282779209e-02 0.0000000000000000e+00 0.0000000000000000e+00 -6.9006847078327695e+01
-1.0700000000000001e+00 9.1737547691511115e-02 0.0000000000000000e+00 0.0000000000000000e+00 -6.8434752884366915e+01
-1.0600000000000001e+00 9.3571901754536932e-02 0.0000000000000000e+00 0.0000000000000000e+00 -6.7867570912172098e+01
-1.0500000000000000e+00 9.5427170701281178e-02 0.0000000000000000e+00 0.0000000000000000e+00 -6.7305121088297454e+01
-1.0400000000000000e+00 9.7303739848108348e-02 0.0000000000000000e+00 0.0000000000000000e+00 -6.6747229830887377e+01
-1.0300000000000000e+00 9.9202004958616807e-02 0.0000000000000000e+00 0.0000000000000000e+00 -6.6193729663870982e+01
-1.0200000000000000e+00 1.0112237261748008e-01 0.0000000000000000e+00 0.0000000000000000e+00 -6.5644458856563219e+01
-1.0100000000000000e+00 1.0306526062291491e-01 0.0000000000000000e+00 0.0000000000000000e+00 -6.5099261085374920e+01
-1.0000000000000000e+00 1.0503109840306839e-01 0.0000000000000000e+00 0.0000000000000000e+00 -6.4557985114657711e+01
-9.8999999999999999e-01 1.0702032746368309e-01 0.0000000000000000e+00 0.0000000000000000e+00 -6.4020484493506871e+01
-9.7999999999999998e-01 1.0903340185104009e-01 0.0000000000000000e+00 0.0000000000000000e+00 -6.3486617271875829e+01
-9.6999999999999997e-01 1.1107078863723825e-01 0.0000000000000000e+00 0.0000000000000000e+00 -6.2956245732858932e+01
-9.5999999999999996e-01 1.1313296842459647e-01 0.0000000000000000e+00 0.0000000000000000e+00 -6.2429236140980855e+01
-9.4999999999999996e-01 1.1522043587281823e-01 0.0000000000000000e+00 0.0000000000000000e+00 -6.1905458504588978e+01
-9.3999999999999995e-01 1.1733370024729380e-01 0.0000000000000000e+00 0.0000000000000000e+00 -6.1384786351944520e+01
-9.3000000000000005e-01 1.1947328583288157e-01 0.0000000000000000e+00 0.0000000000000000e+00 -6.0867096557550497e+01
-9.2000000000000004e-01 1.2163973275036213e-01 0.0000000000000000e+00 0.0000000000000000e+00 -6.0352269086822815e+01
-9.1000000000000003e-01 1.2383359762283330e-01 0.0000000000000000e+00 0.0000000000000000e+00 -5.9840186797773484e+01
-9.0000000000000002e-01 1.2605545417781697e-01 0.0000000000000000e+00 0.0000000000000000e+00 -5.9330735274244397e+01
-8.9000000000000001e-01 1.2830589395670622e-01 0.0000000000000000e+00 0.0000000000000000e+00 -5.8823802649324648e+01
-8.8000000000000000e-01 1.3058552706174575e-01 0.0000000000000000e+00 0.0000000000000000e+00 -5.8319279436166049e+01
-8.7000000000000000e-01 1.3289498759707941e-01 0.0000000000000000e+00 0.0000000000000000e+00 -5.7817057362261586e+01
-8.5999999999999999e-01 1.3523491651203101e-01 0.0000000000000000e+00 0.0000000000000000e+00 -5.7317033110082974e+01
-8.4999999999999998e-01 1.3760598849750491e-01 0.0000000000000000e+00 0.0000000000000000e+00 -5.6819102501895813e+01
-8.3999999999999997e-01 1.4000889619890608e-01 0.0000000000000000e+00 0.0000000000000000e+00 -5.6323164006655063e+01
-8.2999999999999996e-01 1.4244435521207829e-01 0.0000000000000000e+00 0.0000000000000000e+00 -5.5829117716538931e+01
-8.1999999999999995e-01 1.4491310511347069e-01 0.0000000000000000e+00 0.0000000000000000e+00 -5.5336865209557409e+01
-8.1000000000000005e-01 1.4741591054928985e-01 0.0000000000000000e+00 0.0000000000000000e+00 -5.4846309415635588e+01
-8.0000000000000004e-01 1.4995356238775212e-01 0.0000000000000000e+00 0.0000000000000000e+00 -5.4357354485706608e+01
-7.9000000000000004e-01 1.5252687893892225e-01 0.0000000000000000e+00 0.0000000000000000e+00 -5.3869905663356519e+01
-7.8000000000000003e-01 1.5513670724696133e-01 0.0000000000000000e+00 0.0000000000000000e+00 -5.3383869158581959e+01
-7.7000000000000002e-01 1.5778392446006065e-01 0.0000000000000000e+00 0.0000000000000000e+00 -5.2899152023220417e+01
-7.6000000000000001e-01 1.6046943928375410e-01 0.0000000000000000e+00 0.0000000000000000e+00 -5.2415662027625437e+01
-7.5000000000000000e-01 1.6319419352382172e-01 0.0000000000000000e+00 0.0000000000000000e+00 -5.1933307538156001e+01
-7.3999999999999999e-01 1.6595916372554259e-01 0.0000000000000000e+00 0.0000000000000000e+00 -5.1451997395049588e+01
-7.2999999999999998e-01 1.6876536291664648e-01 0.0000000000000000e+00 0.0000000000000000e+00 -5.0971640790246418e+01
-7.1999999999999997e-01 1.7161384246199995e-01 0.0000000000000000e+00 0.0000000000000000e+00 -5.0492147144722225e+01
-7.0999999999999996e-01 1.7450569403879107e-01 0.0000000000000000e+00 0.0000000000000000e+00 -5.0013425984878367e+01
-6.9999999999999996e-01 1.7744205174179645e-01 0.0000000000000000e+00 0.0000000000000000e+00 -4.9535386817524419e+01
-6.8999999999999995e-01 1.8042409432921802e-01 0.0000000000000000e+00 0.0000000000000000e+00 -4.9057939002971267e+01
-6.8000000000000005e-01 1.8345304762059247e-01 0.0000000000000000e+00 0.0000000000000000e+00 -4.8580991625730434e+01
-6.7000000000000004e-01 1.8653018705939675e-01 0.0000000000000000e+00 0.0000000000000000e+00 -4.8104453362290073e+01
-6.6000000000000003e-01 1.8965684045419950e-01 0.0000000000000000e+00 0.0000000000000000e+00 -4.7628232345411476e+01
-6.5000000000000002e-01 1.9283439091364038e-01 0.0000000000000000e+00 0.0000000000000000e+00 -4.7152236024348497e+01
-6.4000000000000001e-01 1.9606427999204654e-01 0.0000000000000000e+00 0.0000000000000000e+00 -4.6676371020356434e+01
-6.3000000000000000e-01 1.9934801106423691e-01 0.0000000000000000e+00 0.0000000000000000e+00 -4.6200542976809885e+01
-6.2000000000000000e-01 2.0268715295005846e-01 0.0000000000000000e+00 0.0000000000000000e+00 -4.5724656403189499e+01
-6.0999999999999999e-01 2.0608334381133001e-01 0.0000000000000000e+00 0.0000000000000000e+00 -4.5248614512144790e+01
-5.9999999999999998e-01 2.0953829534489524e-01 0.0000000000000000e+00 0.0000000000000000e+00 -4.4772319048966608e+01
-5.8999999999999997e-01 2.1305379730733356e-01 0.0000000000000000e+00 0.0000000000000000e+00 -4.4295670111476724e+01
-5.7999999999999996e-01 2.1663172238780878e-01 0.0000000000000000e+00 0.0000000000000000e+00 -4.3818565961323706e+01
-5.6999999999999995e-01 2.2027403147721128e-01 0.0000000000000000e+00 0.0000000000000000e+00 -4.3340902823650644e+01
-5.6000000000000005e-01 2.2398277936682992e-01 0.0000000000000000e+00 0.0000000000000000e+00 -4.2862574674645458e+01
-5.5000000000000004e-01 2.2776012089388359e-01 0.0000000000000000e+00 0.0000000000000000e+00 -4.2383473018827267e+01
-5.4000000000000004e-01 2.3160831699766535e-01 0.0000000000000000e+00 0.0000000000000000e+00 -4.1903486726451064e+01
-5.3000000000000003e-01 2.3552974286489531e-01 0.0000000000000000e+00 0.0000000000000000e+00 -4.1422501662136035e+01
-5.2000000000000002e-01 2.3952689583804554e-01 0.0000000000000000e+00 0.0000000000000000e+00 -4.0940400410217038e+01
-5.1000000000000001e-01 2.4360240377700748e-01 0.0000000000000000e+00 0.0000000000000000e+00 -4.0457062008778024e+01
-5.0000000000000000e-01 2.4775903445926464e-01 0.0000000000000000e+00 0.0000000000000000e+00 -3.9972361627790498e+01
-4.8999999999999999e-01 2.5199970585371817e-01 0.0000000000000000e+00 0.0000000000000000e+00 -3.9486170220993444e+01
-4.7999999999999998e-01 2.5632749736853860e-01 0.0000000000000000e+00 0.0000000000000000e+00 -3.8998354148396146e+01
-4.6999999999999997e-01 2.6074566218730422e-01 0.0000000000000000e+00 0.0000000000000000e+00 -3.8508774765862682e+01
-4.6000000000000002e-01 2.6525764082378334e-01 0.0000000000000000e+00 0.0000000000000000e+00 -3.8017287977751010e+01
-4.5000000000000001e-01 2.6986707604446281e-01 0.0000000000000000e+00 0.0000000000000000e+00 -3.7523743748015583e+01
-4.4000000000000000e-01 2.7457782932993380e-01 0.0000000000000000e+00 0.0000000000000000e+00 -3.7027985564512626e+01
-4.2999999999999999e-01 2.7939399907193940e-01 0.0000000000000000e+00 0.0000000000000000e+00 -3.6529849850476680e+01
-4.1999999999999998e-01 2.8431994073325184e-01 0.0000000000000000e+00 0.0000000000000000e+00 -3.6029165316217437e+01
-4.0999999999999998e-01 2.8936028923347978e-01 0.0000000000000000e+00 0.0000000000000000e+00 -3.5525752242994685e+01
-4.0000000000000002e-01 2.9451998386561895e-01 0.0000000000000000e+00 0.0000000000000000e+00 -3.5019421689826466e+01
-3.9000000000000001e-01 2.9980429610008041e-01 0.0000000000000000e+00 0.0000000000000000e+00 -3.4509974612325074e+01
-3.8000000000000000e-01 3.0521886069273524e-01 0.0000000000000000e+00 0.0000000000000000e+00 -3.3997200880909098e+01
-3.7000000000000000e-01 3.1076971058497865e-01 0.0000000000000000e+00 0.0000000000000000e+00 -3.3480878183662675e+01
-3.5999999999999999e-01 3.1646331617298185e-01 0.0000000000000000e+00 0.0000000000000000e+00 -3.2960770796324027e+01
-3.4999999999999998e-01 3.2230662962841944e-01 0.0000000000000000e+00 0.0000000000000000e+00 -3.2436628198797884e+01
-3.4000000000000002e-01 3.2830713508219433e-01 0.0000000000000000e+00 0.0000000000000000e+00 -3.1908183513706796e+01
-3.3000000000000002e-01 3.3447290564073862e-01 0.0000000000000000e+00 0.0000000000000000e+00 -3.1375151737768274e+01
-3.2000000000000001e-01 3.4081266839890845e-01 0.0000000000000000e+00 0.0000000000000000e+00 -3.0837227730981347e+01
-3.1000000000000000e-01 3.4733587885420925e-01 0.0000000000000000e+00 0.0000000000000000e+00 -3.0294083921430325e+01
-2.9999999999999999e-01 3.5405280642918974e-01 0.0000000000000000e+00 0.0000000000000000e+00 -2.9745367674404083e+01
-2.8999999999999998e-01 3.6097463318035677e-01 0.0000000000000000e+00 0.0000000000000000e+00 -2.9190698263732237e+01
-2.8000000000000003e-01 3.6811356825319869e-01 0.0000000000000000e+00 0.0000000000000000e+00 -2.8629663368606671e+01
-2.7000000000000002e-01 3.7548298124429025e-01 0.0000000000000000e+00 0.0000000000000000e+00 -2.8061815001489659e+01
-2.6000000000000001e-01 3.8309755840854726e-01 0.0000000000000000e+00 0.0000000000000000e+00 -2.7486664749584335e+01
-2.5000000000000000e-01 3.9097348665333881e-01 0.0000000000000000e+00 0.0000000000000000e+00 -2.6903678182599620e+01
-2.3999999999999999e-01 3.9912867157153264e-01 0.0000000000000000e+00 0.0000000000000000e+00 -2.6312268240741336e+01
-2.3000000000000001e-01 4.0758299749293520e-01 0.0000000000000000e+00 0.0000000000000000e+00 -2.5711787365772889e+01
-2.2000000000000000e-01 4.1635863983488786e-01 0.0000000000000000e+00 0.0000000000000000e+00 -2.5101518070003866e+01
-2.0999999999999999e-01 4.2548044313380590e-01 0.0000000000000000e+00 0.0000000000000000e+00 -2.4480661546560892e+01
-2.0000000000000001e-01 4.3497638237003533e-01 0.0000000000000000e+00 0.0000000000000000e+00 -2.3848323799603495e+01
-1.9000000000000000e-01 4.4487813104811003e-01 0.0000000000000000e+00 0.0000000000000000e+00 -2.3203498600934253e+01
-1.7999999999999999e-01 4.5522176770244860e-01 0.0000000000000000e+00 0.0000000000000000e+00 -2.2545046338094927e+01
-1.7000000000000001e-01 4.6604866420230806e-01 0.0000000000000000e+00 0.0000000000000000e+00 -2.1871667475286142e+01
-1.6000000000000000e-01 4.7740661606514445e-01 0.0000000000000000e+00 0.0000000000000000e+00 -2.1181868859197820e+01
-1.4999999999999999e-01 4.8935130070003147e-01 0.0000000000000000e+00 0.0000000000000000e+00 -2.0473920329972316e+01
-1.4000000000000001e-01 5.0194820729663270e-01 0.0000000000000000e+00 0.0000000000000000e+00 -1.9745796861576615e+01
-1.3000000000000000e-01 5.1527508812111833e-01 0.0000000000000000e+00 0.0000000000000000e+00 -1.8995108472441316e+01
-1.2000000000000000e-01 5.2942556650924721e-01 0.0000000000000000e+00 0.0000000000000000e+00 -1.8218989232550232e+01
-1.1000000000000000e-01 5.4451381509894947e-01 0.0000000000000000e+00 0.0000000000000000e+00 -1.7413962556172489e+01
-1.0000000000000001e-01 5.6068141901100332e-01 0.0000000000000000e+00 0.0000000000000000e+00 -1.6575738206825971e+01
-8.9999999999999997e-02 5.7810740563425911e-01 0.0000000000000000e+00 0.0000000000000000e+00 -1.5698917669828690e+01
-8.0000000000000002e-02 5.9702351335456449e-01 0.0000000000000000e+00 0.0000000000000000e+00 -1.4776546600654557e+01
-7.0000000000000007e-02 6.1773847628951828e-01 0.0000000000000000e+00 0.0000000000000000e+00 -1.3799404555443164e+01
-5.9999999999999998e-02 6.4067880721281867e-01 0.0000000000000000e+00 0.0000000000000000e+00 -1.2754814827256469e+01
-5.0000000000000003e-02 6.6646221578059617e-01 0.0000000000000000e+00 0.0000000000000000e+00 -1.1624506694321719e+01
-4.0000000000000001e-02 6.9604256186579527e-01 0.0000000000000000e+00 0.0000000000000000e+00 -1.0380404384942402e+01
-2.9999999999999999e-02 7.3103567053445118e-01 0.0000000000000000e+00 0.0000000000000000e+00 -8.9751839993555667e+00
-2.0000000000000000e-02 7.7461282132063725e-01 0.0000000000000000e+00 0.0000000000000000e+00 -7.3164407106581582e+00
